% dati problema vertebre minimi quadrati
x =[0;0.04;0.06;0.10;0.14;0.25;0.31];
y =[0;0.03;0.08;0.08;0.14;0.20;0.23];
