A= [6 -16 ; 8 -18]
B= [1 1]
C= [1 0]